kinematics:
  shoulder:
    x: 0
    y: 0
    z: 0.15203341110399815
    roll: -0
    pitch: 0
    yaw: 6.9742975492004255e-09
  upper_arm:
    x: -0.00010735894256270098
    y: 0
    z: 0
    roll: 1.571706884968826
    pitch: 0
    yaw: 6.0752285249383723e-06
  forearm:
    x: -0.2436882163638151
    y: 0
    z: 0
    roll: 3.1394552851194151
    pitch: 3.1406048762216394
    yaw: 3.1415842685141224
  wrist_1:
    x: -0.21332079462675982
    y: -0.00064876694357390982
    z: 0.13081409204478242
    roll: 0.0049594169438479021
    pitch: -0.00024794219809474679
    yaw: 1.1495240253854227e-05
  wrist_2:
    x: 1.0354347897228328e-05
    y: -0.085348364502379148
    z: -9.3561443770166767e-05
    roll: 1.5718925564278541
    pitch: 0
    yaw: 1.3094730559951027e-06
  wrist_3:
    x: -0.00012808369628188401
    y: 0.09218522205188541
    z: -5.1710156481183911e-05
    roll: 1.5702353892616709
    pitch: 3.1415926535897931
    yaw: 3.141592224069842
  hash: calib_6555823315166881787